 1000 220444 -1107320.3896285533 -146432.93779482919
 323.
 246.
 309.
 173.
 311.
 234.
 167.
 251.
 250.
 337.
 308.
 429.
 294.
 232.
 311.
 305.
 254.
 391.
 286.
 187.
 161.
 127.
 191.
 77.
 303.
 236.
 109.
 203.
 99.
 222.
 140.
 208.
 188.
 143.
 49.
 106.
 171.
 53.
 93.
 217.
 281.
 171.
 173.
 257.
 277.
 315.
 252.
 297.
 245.
 139.
 217.
 208.
 331.
 315.
 209.
 225.
 262.
 340.
 240.
 352.
 367.
 353.
 427.
 408.
 352.
 475.
 501.
 482.
 334.
 486.
 277.
 230.
 343.
 392.
 281.
 404.
 524.
 575.
 378.
 441.
 446.
 399.
 495.
 421.
 598.
 439.
 329.
 616.
 482.
 383.
 463.
 374.
 489.
 485.
 571.
 661.
 520.
 570.
 643.
 646.
 897.
 612.
 552.
 702.
 862.
 901.
 861.
 696.
 666.
 947.
 708.
 633.
 1036.
 808.
 717.
 545.
 778.
 668.
 621.
 504.
 657.
 588.
 708.
 525.
 610.
 605.
 847.
 470.
 597.
 672.
 644.
 764.
 535.
 565.
 391.
 558.
 598.
 612.
 658.
 497.
 723.
 679.
 863.
 616.
 491.
 552.
 939.
 849.
 883.
 816.
 1055.
 1009.
 891.
 1031.
 1032.
 1071.
 1172.
 1079.
 860.
 1252.
 878.
 845.
 891.
 1122.
 981.
 1160.
 1203.
 963.
 989.
 1473.
 1121.
 1137.
 1100.
 963.
 1120.
 1021.
 1403.
 1141.
 793.
 1070.
 770.
 1047.
 1189.
 1215.
 1328.
 1468.
 1427.
 1332.
 1671.
 1828.
 1272.
 1942.
 1426.
 1597.
 1137.
 1532.
 1213.
 1641.
 1059.
 1260.
 1247.
 1049.
 1429.
 1006.
 1238.
 719.
 891.
 964.
 1030.
 1067.
 699.
 1305.
 910.
 845.
 1193.
 1125.
 1116.
 1090.
 866.
 975.
 924.
 1033.
 944.
 1073.
 1154.
 1113.
 1127.
 1365.
 1080.
 1139.
 992.
 1294.
 1089.
 1016.
 977.
 1112.
 800.
 1216.
 913.
 1085.
 1002.
 1040.
 860.
 1068.
 1076.
 704.
 997.
 940.
 866.
 1142.
