 160000 374889460 -1985188836.8685637 433553922.74657798
 958489.
 924568.
 900653.
 900917.
 878832.
 850257.
 845872.
 822836.
 804812.
 785622.
 776140.
 749877.
 747620.
 734261.
 712882.
 701218.
 686750.
 671875.
 660963.
 646948.
 627861.
 621023.
 609120.
 601159.
 586923.
 571779.
 564448.
 549653.
 545120.
 539802.
 526662.
 518617.
 514196.
 504093.
 500430.
 487836.
 479777.
 475591.
 460900.
 472365.
 457743.
 461107.
 453399.
 454828.
 447701.
 449785.
 439275.
 432965.
 435429.
 433825.
 431860.
 436529.
 425694.
 433641.
 432341.
 435575.
 433212.
 434729.
 440647.
 448749.
 445658.
 448461.
 457103.
 463539.
 476583.
 480087.
 485573.
 501885.
 504548.
 518519.
 531241.
 545335.
 568794.
 581444.
 581446.
 609152.
 631607.
 639387.
 673255.
 686361.
 713080.
 716087.
 744249.
 755282.
 773212.
 786213.
 798048.
 823009.
 825858.
 832456.
 851759.
 853834.
 855053.
 863395.
 867585.
 865605.
 861914.
 875473.
 858035.
 848298.
 852896.
 844494.
 848513.
 839316.
 834495.
 817062.
 818578.
 817620.
 800715.
 795799.
 794269.
 790477.
 788181.
 774072.
 777569.
 769496.
 775873.
 769566.
 756275.
 760548.
 745905.
 763913.
 744801.
 745059.
 743509.
 747548.
 738693.
 744570.
 750386.
 748470.
 745136.
 747570.
 749817.
 756633.
 742209.
 767594.
 758062.
 767131.
 760524.
 776238.
 785565.
 789698.
 784508.
 806552.
 803086.
 813156.
 826285.
 827131.
 840140.
 849926.
 857712.
 870862.
 879336.
 888976.
 888329.
 899976.
 920613.
 924347.
 926058.
 956414.
 947097.
 956839.
 977043.
 974642.
 988809.
 1005020.
 1024222.
 1012359.
 1028916.
 1031185.
 1019095.
 1031738.
 1038425.
 1049212.
 1049202.
 1041517.
 1052762.
 1050923.
 1054567.
 1054376.
 1057675.
 1053369.
 1049658.
 1050278.
 1053749.
 1053438.
 1050450.
 1040839.
 1054087.
 1053810.
 1052349.
 1054201.
 1040091.
 1049082.
 1052267.
 1043908.
 1039900.
 1040795.
 1039441.
 1041988.
 1037585.
 1037741.
 1051998.
 1054349.
 1041530.
 1045142.
 1046879.
 1050923.
 1056995.
 1068288.
 1043646.
 1049641.
 1065039.
 1044497.
 1039405.
 1047481.
 1028583.
 1040440.
 1042439.
 1053290.
 1044703.
 1046209.
 1031658.
 1042218.
 1055642.
 1053864.
 1056760.
 1067206.
 1054873.
 1070893.
 1064844.
 1067076.
 1063942.
 1067719.
 1063760.
 1076465.
 1071378.
 1069750.
 1077929.
 1062418.
 1069724.
 1061182.
 1062714.
 1086016.
 1054058.
 1075435.
 1071556.
 1054010.
 1056751.
 1063084.
