 160000 375632565 -2082753237.601455 532997267.54960918
 66157.
 61506.
 60108.
 57023.
 57067.
 56523.
 54109.
 53979.
 49194.
 47091.
 47337.
 45089.
 46483.
 41354.
 40331.
 42039.
 42671.
 37968.
 38207.
 38927.
 36865.
 35194.
 37543.
 34752.
 34009.
 32827.
 34679.
 32586.
 33666.
 31967.
 31968.
 31298.
 31891.
 32206.
 32086.
 33627.
 31160.
 31038.
 34491.
 32010.
 33372.
 33353.
 32074.
 33551.
 33863.
 34325.
 33715.
 36663.
 39019.
 35138.
 39295.
 40272.
 41079.
 41968.
 41081.
 43950.
 41850.
 45073.
 47323.
 44824.
 47779.
 51002.
 52441.
 52513.
 52936.
 54114.
 58943.
 58431.
 60234.
 63178.
 59181.
 62320.
 62815.
 66398.
 67969.
 67991.
 71496.
 75161.
 73735.
 78406.
 77191.
 80476.
 81843.
 84979.
 88664.
 89677.
 95944.
 93850.
 98400.
 95184.
 100352.
 99189.
 97647.
 103477.
 97991.
 105299.
 104449.
 107888.
 104937.
 103966.
 103282.
 106003.
 106617.
 105853.
 105914.
 107212.
 104873.
 104437.
 104456.
 104316.
 106070.
 105481.
 103624.
 108408.
 105115.
 102398.
 105272.
 103620.
 108327.
 111883.
 110826.
 110789.
 106427.
 110233.
 113113.
 112280.
 116913.
 120712.
 116220.
 116964.
 119962.
 122559.
 123794.
 122426.
 123874.
 122587.
 124938.
 125575.
 132858.
 132529.
 135769.
 133335.
 138826.
 132286.
 135084.
 142230.
 145743.
 145648.
 147009.
 150203.
 147594.
 150135.
 156223.
 154576.
 154708.
 161255.
 155415.
 165700.
 168173.
 170326.
 164209.
 172010.
 175849.
 178660.
 179378.
 180890.
 184530.
 183269.
 188884.
 186869.
 190575.
 188895.
 189376.
 195023.
 197718.
 200981.
 201085.
 193104.
 196309.
 201913.
 207326.
 204164.
 205584.
 209449.
 202976.
 203623.
 203999.
 206799.
 210284.
 209631.
 207284.
 207721.
 210736.
 213577.
 213904.
 212969.
 214366.
 211583.
 220091.
 216842.
 221652.
 227552.
 226006.
 225950.
 234346.
 230535.
 232015.
 230608.
 233135.
 241792.
 237281.
 237123.
 239144.
 242935.
 242789.
 251065.
 244757.
 245469.
 248654.
 250718.
 251383.
 264398.
 257216.
 261444.
 264924.
 261426.
 262266.
 268256.
 260949.
 269833.
 277223.
 272110.
 274209.
 280018.
 282909.
 286593.
 289968.
 290998.
 295381.
 295866.
 297673.
 298317.
 302018.
 307183.
 306974.
 314038.
 304205.
 308870.
 313749.
 311762.
