 160000 375334131 -2082355930.131556 527907726.80760449
 8680.
 8721.
 9481.
 9583.
 9974.
 10772.
 11146.
 11251.
 10865.
 11504.
 11982.
 13439.
 12847.
 12677.
 13964.
 14158.
 14519.
 13909.
 13535.
 14222.
 13002.
 13817.
 14502.
 12834.
 13628.
 13494.
 14782.
 12783.
 15144.
 14585.
 15371.
 13878.
 13758.
 15720.
 15318.
 16181.
 16392.
 15634.
 17187.
 17950.
 18346.
 18933.
 18576.
 19664.
 20670.
 20397.
 19907.
 19613.
 21674.
 21950.
 21083.
 21331.
 22885.
 22642.
 24576.
 23917.
 23381.
 25856.
 26607.
 25461.
 25914.
 27038.
 26303.
 28983.
 28391.
 26931.
 29516.
 28697.
 31894.
 30051.
 30142.
 32954.
 32726.
 34895.
 35077.
 38105.
 36250.
 39234.
 43236.
 44249.
 42059.
 45144.
 44348.
 46388.
 50550.
 47563.
 50492.
 48666.
 50589.
 52343.
 51903.
 52454.
 57193.
 59215.
 53195.
 55722.
 56692.
 57262.
 61256.
 59221.
 61034.
 59169.
 61127.
 60813.
 62538.
 63835.
 63111.
 66898.
 64958.
 63164.
 65991.
 65765.
 67581.
 66318.
 67773.
 67952.
 68152.
 69837.
 68988.
 69830.
 70827.
 70313.
 69878.
 73644.
 76770.
 76445.
 75678.
 77895.
 78681.
 80875.
 80761.
 84622.
 82159.
 86538.
 86175.
 89122.
 89842.
 86606.
 89970.
 92321.
 93278.
 94807.
 91530.
 92800.
 97253.
 98124.
 101648.
 99272.
 105101.
 101462.
 103291.
 103698.
 102551.
 105195.
 105704.
 108327.
 109515.
 110010.
 109875.
 107779.
 112704.
 113126.
 116185.
 112492.
 115668.
 116767.
 120543.
 121572.
 121363.
 126571.
 123043.
 130395.
 127240.
 128236.
 134203.
 134208.
 132803.
 136135.
 136007.
 138176.
 139135.
 142956.
 145034.
 142661.
 150357.
 152221.
 149648.
 155813.
 156945.
 149786.
 158048.
 157552.
 161826.
 166253.
 159528.
 161051.
 164479.
 163762.
 165646.
 166973.
 165504.
 169488.
 169068.
 173480.
 172383.
 172706.
 172385.
 168003.
 178945.
 176612.
 174839.
 172504.
 179574.
 179721.
 179840.
 178698.
 183952.
 186010.
 185431.
 183140.
 185386.
 189864.
 192745.
 194891.
 198190.
 196187.
 201386.
 202630.
 201477.
 200687.
 209566.
 209133.
 212613.
 209665.
 207169.
 210522.
 218257.
 217854.
 213702.
 221108.
 221029.
 218316.
 221352.
 221713.
 228409.
 225521.
 227704.
 232412.
 230692.
 234822.
