 160000 375649253 -2051683120.9216254 492667286.80573988
 390702.
 392397.
 381527.
 367564.
 358733.
 350221.
 346352.
 332974.
 328595.
 319847.
 313364.
 308272.
 295758.
 293206.
 287300.
 281615.
 269686.
 268612.
 263448.
 258124.
 252876.
 243981.
 241830.
 228404.
 227122.
 222596.
 223401.
 214108.
 214782.
 205605.
 207311.
 202230.
 198578.
 199010.
 198729.
 195466.
 192249.
 191557.
 191293.
 184250.
 185166.
 182920.
 184078.
 182359.
 181963.
 181434.
 176475.
 179324.
 182629.
 180331.
 182271.
 186675.
 181935.
 180505.
 185074.
 186625.
 184866.
 189362.
 185778.
 194804.
 197463.
 196258.
 203034.
 202052.
 209710.
 211984.
 208239.
 217762.
 222860.
 228026.
 237764.
 240041.
 249777.
 253967.
 265937.
 275320.
 281949.
 287278.
 303125.
 314801.
 322057.
 328322.
 335696.
 343337.
 357710.
 359833.
 363169.
 370139.
 379473.
 393720.
 396252.
 396369.
 400376.
 400336.
 398696.
 399908.
 401732.
 398851.
 405143.
 403753.
 395010.
 389332.
 390266.
 388681.
 390447.
 384841.
 379014.
 370862.
 371887.
 371776.
 365878.
 368644.
 365242.
 369300.
 363417.
 354976.
 361611.
 352425.
 355296.
 360094.
 356013.
 354115.
 350050.
 354828.
 354446.
 354551.
 357821.
 358682.
 356058.
 357946.
 358847.
 364176.
 367012.
 366747.
 369932.
 371025.
 373814.
 373817.
 381217.
 383180.
 383639.
 391466.
 389788.
 388051.
 401296.
 401644.
 409545.
 413500.
 418946.
 422457.
 428687.
 433291.
 433513.
 439229.
 448141.
 465179.
 471695.
 481050.
 476754.
 483406.
 493863.
 493690.
 504875.
 508440.
 503999.
 516613.
 519400.
 514059.
 522943.
 529269.
 535179.
 534689.
 534617.
 542572.
 540113.
 536485.
 533281.
 542048.
 541706.
 540897.
 550152.
 549811.
 547212.
 545727.
 549911.
 544267.
 548578.
 547523.
 549478.
 560687.
 545744.
 542555.
 537757.
 540849.
 546232.
 546999.
 543848.
 544446.
 558649.
 555922.
 553564.
 548807.
 555442.
 562909.
 567763.
 554825.
 568514.
 579717.
 573552.
 576216.
 581153.
 579527.
 581487.
 592292.
 593421.
 589991.
 589482.
 592192.
 592650.
 596748.
 605483.
 613572.
 614928.
 614494.
 614504.
 621247.
 619853.
 626775.
 620802.
 629836.
 638235.
 634849.
 654478.
 652779.
 670736.
 656522.
 665890.
 673652.
 674751.
 673685.
 680349.
 684961.
 685380.
 695354.
 692808.
 695825.
 700048.
 708429.
 705678.
 717473.
